# detid  localZ[cm]   (sensor entry face in the DetUnit frame)
302055704 -0.014250
302121244 0.014250
302186784 -0.014250
352388368 0.013500
369124382 0.014500
369124381 -0.014500
402672390 0.014500
402672389 -0.014500
402672902 0.014500
402672901 -0.014500
402674950 0.014500
402674949 -0.014500
402677380 -0.014500
470311312 -0.014500
470327696 -0.014500
470344105 0.023500
470344106 -0.023500
470360489 0.023500
470360490 -0.023500
470376912 -0.023500
470393296 -0.023500
470409716 0.023500
470426100 0.023500
