================================================================================================
A. JOINT basis (ALL families -> ONE coefficient vector per candidate)
   smallest rank r in the scan {1,2,3,4,6,8,12,16,24,32,48,64,96,128} with
   max over candidates / 99.9 % of  max_t W(t)|dS|  below the threshold,
   W = exp(Re S_tot) [x |phi_K| for the mass caches];  worst family quoted.

cache              n  max<1e-3  max<1e-4  q999<1e-3  q999<1e-4  unweighted max<1e-4
jpsigun        40000        24        64         16         48                   96
btojpsix       40000         6        48          6         12                   48
trk_lowpt      40000        24        96         12         64                   96
trk_ul16       40000         8        48          8         24                   48

================================================================================================
B. per-block bases (MS | IO = [Sio_re|Sio_im] | RAD), rank r EACH
cache        block   max<1e-3  max<1e-4 q999<1e-4   sv2/sv1   sv5/sv1
jpsigun      Sms            6        24        16  1.54e-02  3.67e-05
jpsigun      IO            12        24        16  1.40e-01  4.69e-04
jpsigun      RAD            1         2         1  5.84e-02  1.76e-03
btojpsix     Sms            4        12         8  1.48e-02  2.09e-05
btojpsix     IO             2         6         4  4.18e-02  2.00e-05
btojpsix     RAD            1         1         1  5.85e-02  1.43e-03
trk_lowpt    Sms            6        24        16  1.84e-02  2.67e-05
trk_lowpt    IO             6        16        12  2.68e-01  8.23e-05
trk_lowpt    RAD            1         4         2  1.01e-01  7.51e-04
trk_lowpt    Sdel           1         8         8  7.19e-02  1.89e-03
trk_ul16     Sms            3        12        12  1.06e-02  1.47e-05
trk_ul16     IO             2         4         3  1.69e-01  2.30e-05
trk_ul16     RAD            1         2         2  1.01e-01  7.54e-04
trk_ul16     Sdel           1         6         6  1.08e-01  1.49e-03

================================================================================================
C. full error tables, JOINT basis, weighted metric  max_t W|dS| (worst cand)
-- jpsigun   (float32 cache ulp at max|S| = 7.6e-06)
   r        Sms     Sio_re     Sio_im    Srad_re    Srad_im   bytes/cand
   1   3.82e-02   1.10e-01   6.07e-02   4.64e-04   1.24e-03        4
   2   3.91e-02   2.81e-02   4.74e-02   4.46e-04   1.21e-03        8
   3   3.89e-02   1.10e-02   2.48e-02   4.46e-04   1.21e-03       12
   4   1.03e-02   1.10e-02   2.51e-02   5.64e-04   1.32e-03       16
   6   1.05e-02   7.54e-03   8.45e-03   9.45e-05   1.06e-04       24
   8   4.72e-03   5.89e-03   5.10e-03   6.81e-05   7.35e-05       32
  12   2.19e-03   2.50e-03   1.86e-03   3.37e-05   4.75e-05       48
  16   1.09e-03   1.29e-03   9.47e-04   3.36e-05   4.73e-05       64
  24   2.52e-04   4.47e-04   3.63e-04   3.75e-05   4.90e-05       96
  32   1.55e-04   2.03e-04   1.73e-04   3.61e-05   4.87e-05      128
  48   9.57e-05   1.09e-04   9.00e-05   2.04e-05   2.15e-05      192
  64   6.38e-05   6.40e-05   4.91e-05   1.91e-05   2.04e-05      256
  96   4.09e-05   2.20e-05   1.82e-05   1.53e-05   1.47e-05      384
 128   2.56e-05   1.84e-05   1.67e-05   1.50e-05   1.49e-05      512
-- btojpsix   (float32 cache ulp at max|S| = 7.6e-06)
   r        Sms     Sio_re     Sio_im    Srad_re    Srad_im   bytes/cand
   1   3.94e-02   2.02e-02   2.91e-02   4.94e-04   1.12e-03        4
   2   3.57e-02   1.62e-03   6.70e-03   4.59e-04   1.12e-03        8
   3   2.15e-03   1.49e-03   6.41e-03   3.59e-04   9.98e-04       12
   4   2.15e-03   5.29e-04   1.07e-03   2.95e-04   7.63e-04       16
   6   9.76e-04   3.75e-04   4.84e-04   3.91e-05   4.53e-05       24
   8   6.28e-04   2.58e-04   2.01e-04   2.13e-05   2.49e-05       32
  12   2.69e-04   3.06e-04   2.52e-04   2.08e-05   2.51e-05       48
  16   2.72e-04   3.04e-04   2.51e-04   2.34e-05   2.52e-05       64
  24   1.22e-04   1.10e-04   8.36e-05   1.75e-05   2.33e-05       96
  32   5.89e-05   1.06e-04   8.76e-05   1.79e-05   2.30e-05      128
  48   3.33e-05   6.30e-05   5.27e-05   1.77e-05   1.37e-05      192
  64   1.99e-05   3.59e-05   3.30e-05   1.46e-05   1.13e-05      256
  96   1.34e-05   2.00e-05   1.68e-05   1.36e-05   1.25e-05      384
 128   1.02e-05   1.54e-05   1.27e-05   1.34e-05   1.24e-05      512
-- trk_lowpt   (float32 cache ulp at max|S| = 0.0e+00)
   r        Sms       Sdel     Sio_re     Sio_im    Srad_re    Srad_im   bytes/cand
   1   3.68e-02   1.28e-03   5.58e-02   9.11e-02   4.80e-04   1.93e-03        4
   2   3.69e-02   1.28e-03   5.43e-02   9.19e-03   4.80e-04   3.03e-03        8
   3   3.00e-02   1.17e-03   1.20e-02   9.20e-03   4.74e-04   2.95e-03       12
   4   5.68e-03   9.13e-04   4.45e-03   9.30e-03   4.64e-04   2.96e-03       16
   6   2.37e-03   9.75e-04   4.42e-03   8.09e-03   4.32e-04   1.01e-04       24
   8   1.76e-03   8.17e-04   4.23e-03   1.44e-03   4.29e-04   1.07e-04       32
  12   1.07e-03   4.82e-04   8.91e-04   1.44e-03   1.07e-04   1.06e-04       48
  16   7.62e-04   1.48e-04   9.63e-04   1.46e-03   6.98e-05   1.09e-04       64
  24   3.98e-04   1.52e-04   8.24e-04   3.70e-04   3.14e-05   4.83e-05       96
  32   1.12e-04   1.54e-04   5.37e-04   3.77e-04   3.08e-05   4.90e-05      128
  48   6.99e-05   1.06e-04   1.99e-04   2.68e-04   2.91e-05   4.74e-05      192
  64   3.14e-05   5.00e-05   2.20e-04   1.44e-04   2.19e-05   4.53e-05      256
  96   1.42e-05   2.59e-05   7.63e-05   6.62e-05   2.50e-05   1.28e-05      384
 128   1.45e-05   1.07e-05   4.66e-05   3.73e-05   1.46e-05   1.13e-05      512
-- trk_ul16   (float32 cache ulp at max|S| = 0.0e+00)
   r        Sms       Sdel     Sio_re     Sio_im    Srad_re    Srad_im   bytes/cand
   1   1.76e-02   7.03e-04   4.08e-03   9.91e-03   4.15e-04   1.91e-03        4
   2   6.44e-03   3.59e-04   3.65e-03   9.85e-03   4.24e-04   1.92e-03        8
   3   6.33e-03   3.62e-04   3.64e-03   9.46e-04   4.29e-04   1.80e-03       12
   4   2.05e-03   2.14e-04   3.61e-03   9.44e-04   3.73e-04   1.80e-03       16
   6   2.02e-03   2.12e-04   1.92e-04   4.54e-04   3.10e-04   6.00e-05       24
   8   7.96e-04   1.35e-04   1.17e-04   4.55e-04   5.15e-05   6.00e-05       32
  12   2.69e-04   1.36e-04   1.13e-04   2.93e-05   5.13e-05   5.39e-05       48
  16   2.05e-04   1.92e-04   1.14e-04   2.33e-05   4.74e-05   5.16e-05       64
  24   1.32e-04   7.95e-05   1.05e-04   2.32e-05   3.65e-05   5.17e-05       96
  32   2.03e-04   6.49e-05   1.81e-05   2.32e-05   3.72e-05   5.14e-05      128
  48   8.99e-05   3.51e-05   1.82e-05   1.83e-05   2.37e-05   4.62e-05      192
  64   3.95e-05   2.38e-05   1.82e-05   1.43e-05   2.40e-05   2.27e-05      256
  96   3.54e-05   1.91e-05   1.82e-05   7.62e-06   2.83e-05   1.35e-05      384
 128   1.45e-05   2.94e-06   8.64e-06   7.58e-06   2.20e-05   1.40e-05      512

================================================================================================
D. physics dictionary vs PCA (J/psi gun, test split, 99.9 % of max_t W|dS|)
-- MS   full physics dictionary (K=128): q999=6.54e-05  max=7.22e-05  (eabs max=3.35e-04)
   k       phys       poly        pca
   2   1.99e-01   7.51e-02   5.06e-03
   3   4.76e-02   5.72e-02   2.44e-03
   4   9.30e-03   4.54e-02   1.05e-03
   5   1.22e-02   3.70e-02   6.21e-04
   6   7.70e-03   3.17e-01   5.63e-04
   8   1.13e-03   3.56e-01   3.55e-04
  10   1.37e-03   3.56e-01   1.50e-04
  12   2.04e-03   3.56e-01   1.50e-04
  16   7.93e-04   3.56e-01   7.45e-05
  24   1.28e-04   3.56e-01   3.54e-05
  32   1.80e-04   3.56e-01   1.52e-05
-- IO   full physics dictionary (K=192): q999=1.62e-05  max=3.23e-05  (eabs max=2.89e-04)
   k       phys       poly        pca
   2   3.61e-02   5.15e-02   1.04e-02
   3   3.53e-02   4.52e-02   4.26e-03
   4   3.41e-02   4.43e-02   2.24e-03
   5   1.48e-02   4.16e-02   1.45e-03
   6   1.98e-02   4.03e-02   1.18e-03
   8   1.29e-02   3.69e-02   4.68e-04
  10   8.24e-03   3.49e-02   2.76e-04
  12   6.73e-03   6.27e-02   1.50e-04
  16   2.72e-03   6.27e-02   5.98e-05
  24   7.37e-04   6.27e-02   1.69e-05
  32   1.07e-04   6.27e-02   7.55e-06
-- RAD   full physics dictionary (K=192): q999=9.59e-06  max=1.21e-05  (eabs max=9.12e-05)
   k       phys       poly        pca
   2   1.39e-03   1.58e-03   2.95e-05
   3   1.10e-03   1.58e-03   2.81e-05
   4   9.91e-04   1.55e-03   2.80e-05
   5   3.99e-04   1.55e-03   2.39e-05
   6   4.59e-04   1.51e-03   2.39e-05
   8   2.38e-04   1.47e-03   1.69e-05
  10   2.17e-04   1.42e-03   1.70e-05
  12   1.76e-04   1.60e-03   1.68e-05
  16   1.32e-04   1.61e-03   9.72e-06
  24   6.46e-05   1.61e-03   9.70e-06
  32   3.50e-05   1.61e-03   9.38e-06
