================================================================================================================================
T1. per SUBDETECTOR and coordinate
class                             n   median     mean    err    rms    skew    +- | L barrel   L mid  L endc | L*mu barrel     mid    endc   [1e-3]
BPix  local x/phi            148985  +0.0930  +0.1193 0.0027  1.028  +0.127 0.006 |  +0.0103 +0.0133 +0.0093 |   +1.23   +1.59   +1.11
FPix  local x/phi             30149  +0.0285  +0.0400 0.0061  1.063  +0.096 0.014 |  +0.0000 -0.0000 -0.0002 |   +0.00   -0.00   -0.01
TIB  local x/phi             283258  +0.0039  +0.0021 0.0018  0.978  -0.008 0.005 |  -0.0403 +0.0090 +0.0027 |   -0.08   +0.02   +0.01
TID  local x/phi             135812  +0.0002  -0.0028 0.0026  0.962  -0.010 0.007 |  +0.0000 +0.0001 +0.0002 |   -0.00   -0.00   -0.00
TOB  local x/phi             308215  +0.0017  +0.0017 0.0018  1.007  -0.010 0.004 |  +0.0087 -0.0089 +0.0000 |   +0.02   -0.02   +0.00
TEC  local x/phi             469276  +0.0003  -0.0001 0.0014  0.944  +0.005 0.004 |  +0.0000 +0.0091 -0.0050 |   -0.00   -0.00   +0.00
BPix  local y                148934  +0.0048  +0.0021 0.0027  1.050  -0.003 0.006 |  +0.0009 +0.0010 +0.0118 |   +0.00   +0.00   +0.02
FPix  local y                 30150  +0.0044  +0.0038 0.0055  0.960  +0.030 0.014 |  +0.0000 -0.0003 -0.0008 |   +0.00   -0.00   -0.00

================================================================================================================================
T2. per SUBDETECTOR x LAYER/DISK x z-SIDE (local x/phi)
class                             n   median     mean    err    rms    skew    +- | L barrel   L mid  L endc | L*mu barrel     mid    endc   [1e-3]
BPix-1 side +0                57490  +0.1733  +0.2271 0.0042  1.007  +0.302 0.010 |  +0.0036 +0.0047 +0.0061 |   +0.82   +1.07   +1.38
BPix-2 side +0                49238  +0.0435  +0.0580 0.0047  1.036  -0.014 0.011 |  +0.0041 +0.0063 +0.0035 |   +0.24   +0.36   +0.20
BPix-3 side +0                42257  +0.0360  +0.0441 0.0050  1.032  +0.098 0.012 |  +0.0026 +0.0023 -0.0003 |   +0.11   +0.10   -0.01
FPix-1 side -1                 9255  +0.0342  +0.0411 0.0109  1.045  +0.032 0.025 |  +0.0000 +0.0001 -0.0007 |   +0.00   +0.00   -0.03
FPix-1 side +1                10014  +0.0026  +0.0320 0.0107  1.070  +0.154 0.024 |  +0.0000 -0.0001 +0.0005 |   +0.00   -0.00   +0.02
FPix-2 side -1                 5220  +0.0200  +0.0125 0.0149  1.074  +0.099 0.034 |  +0.0000 +0.0000 +0.0006 |   +0.00   +0.00   +0.01
FPix-2 side +1                 5660  +0.0735  +0.0777 0.0142  1.068  +0.090 0.033 |  +0.0000 -0.0000 -0.0006 |   +0.00   -0.00   -0.05
TIB-1 side +0                113785  -0.0015  -0.0037 0.0029  0.967  -0.026 0.007 |  -0.0093 +0.0094 +0.0027 |   +0.03   -0.04   -0.01
TIB-2 side +0                 94036  +0.0106  +0.0083 0.0032  0.973  -0.005 0.008 |  -0.0135 -0.0002 +0.0000 |   -0.11   -0.00   +0.00
TIB-3 side +0                 39981  -0.0024  +0.0026 0.0050  1.000  +0.006 0.012 |  +0.0638 +0.0131 +0.0000 |   +0.17   +0.03   +0.00
TIB-4 side +0                 35456  +0.0096  +0.0038 0.0053  1.002  +0.022 0.013 |  -0.0812 -0.0133 +0.0000 |   -0.31   -0.05   +0.00
TID-1 side -1                 21742  -0.0113  -0.0124 0.0065  0.962  -0.011 0.017 |  +0.0000 -0.0009 -0.0002 |   -0.00   +0.01   +0.00
TID-1 side +1                 22419  +0.0064  -0.0017 0.0065  0.967  -0.019 0.016 |  +0.0000 +0.0014 +0.0010 |   -0.00   -0.00   -0.00
TID-2 side -1                 20972  +0.0009  -0.0063 0.0066  0.961  -0.009 0.017 |  +0.0000 +0.0001 -0.0026 |   -0.00   -0.00   +0.02
TID-2 side +1                 22595  -0.0010  -0.0019 0.0064  0.959  +0.002 0.016 |  +0.0000 -0.0004 +0.0027 |   -0.00   +0.00   -0.01
TID-3 side -1                 24087  -0.0035  -0.0002 0.0062  0.968  +0.013 0.016 |  +0.0000 +0.0003 -0.0009 |   -0.00   -0.00   +0.00
TID-3 side +1                 23997  +0.0110  +0.0045 0.0062  0.953  -0.037 0.016 |  +0.0000 -0.0005 +0.0001 |   +0.00   -0.00   +0.00
TOB-1 side +0                 91397  +0.0120  +0.0106 0.0033  1.001  -0.012 0.008 |  +0.0087 -0.0039 +0.0000 |   +0.09   -0.04   +0.00
TOB-2 side +0                 83466  -0.0056  -0.0044 0.0035  1.009  -0.001 0.008 |  +0.0116 -0.0054 +0.0000 |   -0.05   +0.02   -0.00
TOB-3 side +0                 37406  +0.0017  +0.0075 0.0052  1.004  -0.012 0.013 |  -0.0088 +0.0042 +0.0000 |   -0.07   +0.03   +0.00
TOB-4 side +0                 33494  -0.0070  -0.0084 0.0055  1.013  -0.013 0.013 |  -0.0002 -0.0233 -0.0000 |   +0.00   +0.20   +0.00
TOB-5 side +0                 32501  +0.0167  +0.0067 0.0056  1.011  -0.027 0.014 |  +0.0025 +0.0210 +0.0000 |   +0.02   +0.14   +0.00
TOB-6 side +0                 29951  -0.0142  -0.0096 0.0059  1.015  -0.001 0.014 |  -0.0051 -0.0015 +0.0000 |   +0.05   +0.01   -0.00
TEC-1 side -1                 36445  -0.0035  -0.0018 0.0049  0.944  +0.012 0.013 |  +0.0000 -0.0367 +0.0133 |   -0.00   +0.07   -0.02
TEC-1 side +1                 35820  +0.0007  +0.0006 0.0050  0.951  +0.003 0.013 |  +0.0000 +0.0387 -0.0148 |   +0.00   +0.02   -0.01
TEC-2 side -1                 33097  +0.0104  +0.0049 0.0052  0.940  -0.041 0.013 |  +0.0000 -0.0281 +0.0073 |   +0.00   -0.14   +0.04
TEC-2 side +1                 34573  +0.0060  +0.0072 0.0051  0.944  -0.007 0.013 |  +0.0000 +0.0307 -0.0100 |   +0.00   +0.22   -0.07
TEC-3 side -1                 31603  -0.0041  -0.0017 0.0053  0.946  +0.017 0.014 |  +0.0000 -0.0231 +0.0041 |   -0.00   +0.04   -0.01
TEC-3 side +1                 31892  +0.0037  +0.0060 0.0053  0.949  +0.009 0.014 |  +0.0000 +0.0242 -0.0044 |   +0.00   +0.15   -0.03
TEC-4 side -1                 28123  +0.0027  -0.0034 0.0056  0.942  +0.029 0.015 |  +0.0000 -0.0216 +0.0006 |   -0.00   +0.07   -0.00
TEC-4 side +1                 28089  +0.0074  +0.0077 0.0057  0.947  -0.030 0.015 |  +0.0000 +0.0220 -0.0008 |   +0.00   +0.17   -0.01
TEC-5 side -1                 26386  +0.0125  +0.0091 0.0059  0.951  +0.027 0.015 |  +0.0000 -0.0212 -0.0027 |   +0.00   -0.19   -0.02
TEC-5 side +1                 26352  +0.0035  -0.0003 0.0058  0.942  +0.013 0.015 |  +0.0000 +0.0213 +0.0017 |   -0.00   -0.01   -0.00
TEC-6 side -1                 23127  -0.0207  -0.0084 0.0062  0.942  +0.026 0.016 |  +0.0000 -0.0228 -0.0027 |   -0.00   +0.19   +0.02
TEC-6 side +1                 23585  -0.0176  -0.0202 0.0061  0.942  +0.023 0.016 |  +0.0000 +0.0218 +0.0019 |   -0.00   -0.44   -0.04
TEC-7 side -1                 19671  -0.0129  -0.0103 0.0067  0.939  +0.036 0.017 |  +0.0000 -0.0208 -0.0005 |   -0.00   +0.21   +0.01
TEC-7 side +1                 19323  +0.0050  -0.0015 0.0068  0.943  +0.009 0.018 |  +0.0000 +0.0225 +0.0014 |   -0.00   -0.03   -0.00
TEC-8 side -1                 18963  -0.0160  -0.0065 0.0068  0.943  -0.010 0.018 |  +0.0000 -0.0117 +0.0158 |   -0.00   +0.08   -0.10
TEC-8 side +1                 18552  +0.0221  +0.0147 0.0068  0.932  -0.021 0.018 |  +0.0000 +0.0137 -0.0132 |   +0.00   +0.20   -0.19
TEC-9 side -1                 16973  -0.0101  -0.0081 0.0072  0.938  +0.017 0.019 |  +0.0000 -0.0002 +0.0570 |   -0.00   +0.00   -0.46
TEC-9 side +1                 16702  +0.0006  -0.0007 0.0072  0.936  -0.009 0.019 |  +0.0000 +0.0003 -0.0588 |   -0.00   -0.00   +0.04

================================================================================================================================
T3. the CANONICAL 18 CLASSES (as `hitres_classes.py` defines them)
class                             n   median     mean    err    rms    skew    +- | L barrel   L mid  L endc | L*mu barrel     mid    endc   [1e-3]
 0 pix_x_q0                   23897  +0.0417  +0.0684 0.0060  0.926  +0.213 0.016 |  +0.0013 +0.0016 +0.0013 |   +0.09   +0.11   +0.09
 1 pix_x_q1                   69114  +0.0789  +0.1018 0.0035  0.920  +0.185 0.009 |  +0.0044 +0.0056 +0.0045 |   +0.45   +0.57   +0.46
 2 pix_x_q2                   44376  +0.1153  +0.1207 0.0051  1.068  +0.061 0.012 |  +0.0025 +0.0035 +0.0022 |   +0.30   +0.42   +0.27
 3 pix_x_q3                   41747  +0.1053  +0.1188 0.0060  1.218  +0.063 0.012 |  +0.0021 +0.0025 +0.0010 |   +0.25   +0.30   +0.12
 4 pix_y_q0                   23893  +0.0041  +0.0038 0.0071  1.093  +0.027 0.016 |  -0.0004 -0.0005 +0.0017 |   -0.00   -0.00   +0.01
 5 pix_y_q1                   69106  +0.0018  -0.0000 0.0036  0.953  -0.141 0.009 |  +0.0005 -0.0005 +0.0053 |   -0.00   +0.00   -0.00
 6 pix_y_q2                   44366  +0.0110  +0.0086 0.0048  1.016  +0.005 0.012 |  +0.0004 +0.0005 +0.0029 |   +0.00   +0.00   +0.02
 7 pix_y_q3                   41719  +0.0041  -0.0011 0.0056  1.146  +0.122 0.012 |  +0.0004 +0.0012 +0.0011 |   -0.00   -0.00   -0.00
 8 str_N1_lo                 189833  -0.0072  -0.0041 0.0021  0.922  +0.009 0.006 |  -0.0070 +0.0013 -0.0010 |   +0.03   -0.01   +0.00
 9 str_N1_hi                  20546  +0.0084  +0.0056 0.0070  1.009  +0.018 0.017 |  -0.0028 -0.0003 +0.0000 |   -0.02   -0.00   +0.00
10 str_N2_lo                 276901  +0.0032  +0.0026 0.0018  0.968  +0.000 0.005 |  -0.0167 +0.0015 -0.0018 |   -0.04   +0.00   -0.00
11 str_N2_hi                  82746  -0.0010  +0.0008 0.0032  0.927  -0.026 0.009 |  -0.0017 -0.0028 +0.0001 |   -0.00   -0.00   +0.00
12 str_N3_lo                 294567  +0.0026  -0.0000 0.0018  1.003  -0.001 0.005 |  -0.0191 +0.0099 -0.0004 |   +0.00   -0.00   +0.00
13 str_N3_hi                 144731  +0.0056  +0.0026 0.0027  1.033  -0.007 0.006 |  +0.0132 -0.0043 +0.0010 |   +0.03   -0.01   +0.00
14 str_N4_lo                  88954  +0.0010  +0.0018 0.0031  0.919  +0.020 0.008 |  -0.0041 +0.0042 -0.0007 |   -0.01   +0.01   -0.00
15 str_N4_hi                  57047  +0.0063  +0.0035 0.0044  1.054  -0.048 0.010 |  +0.0065 -0.0015 +0.0007 |   +0.02   -0.01   +0.00
16 str_N5_lo                  26011  +0.0037  -0.0098 0.0049  0.789  -0.093 0.015 |  -0.0005 +0.0010 -0.0000 |   +0.01   -0.01   +0.00
17 str_N5_hi                  15225  +0.0086  +0.0077 0.0063  0.773  -0.057 0.020 |  +0.0007 +0.0004 +0.0001 |   +0.01   +0.00   +0.00

================================================================================================================================
T4. DEGRADED classes vs the rest, per subdetector (local x/phi)
class                             n   median     mean    err    rms    skew    +- | L barrel   L mid  L endc | L*mu barrel     mid    endc   [1e-3]
N=1 strip                    210379  -0.0056  -0.0032 0.0020  0.931  +0.011 0.005 |  -0.0098 +0.0010 -0.0010 |   +0.03   -0.00   +0.00
   TIB                        37355  -0.0067  -0.0037 0.0050  0.972  +0.039 0.013 |  -0.0092 -0.0001 +0.0000 |   +0.03   +0.00   -0.00
   TID                        50593  -0.0101  -0.0076 0.0041  0.920  -0.001 0.011 |  +0.0000 +0.0000 +0.0002 |   -0.00   -0.00   -0.00
   TOB                        11048  -0.0238  -0.0059 0.0098  1.030  -0.027 0.023 |  -0.0006 -0.0001 +0.0000 |   +0.00   +0.00   -0.00
   TEC                       111383  -0.0012  -0.0007 0.0027  0.911  +0.010 0.007 |  +0.0000 +0.0012 -0.0011 |   -0.00   -0.00   +0.00
N>=4 strip                   187237  +0.0030  +0.0012 0.0022  0.936  -0.021 0.006 |  +0.0025 +0.0040 +0.0001 |   +0.00   +0.00   +0.00
   TIB                        38467  -0.0034  -0.0052 0.0051  0.999  -0.054 0.012 |  -0.0019 +0.0035 +0.0011 |   +0.01   -0.02   -0.01
   TID                         5889  -0.0095  -0.0047 0.0105  0.809  +0.091 0.032 |  +0.0000 +0.0000 +0.0000 |   -0.00   -0.00   -0.00
   TOB                        83849  +0.0077  +0.0056 0.0034  0.973  -0.026 0.008 |  +0.0044 -0.0012 +0.0000 |   +0.02   -0.01   +0.00
   TEC                        59032  +0.0025  -0.0004 0.0035  0.846  +0.015 0.010 |  +0.0000 +0.0017 -0.0010 |   -0.00   -0.00   +0.00
pix 1-row (sizeY=1)           44158  +0.0034  +0.0340 0.0052  1.092  +0.177 0.012 |  +0.0047 +0.0000 -0.0002 |   +0.16   +0.00   -0.01
   BPix                       24719  -0.0031  +0.0380 0.0073  1.140  +0.197 0.016 |  +0.0047 +0.0001 +0.0000 |   +0.18   +0.00   +0.00
   FPix                       19439  +0.0113  +0.0288 0.0074  1.027  +0.139 0.018 |  +0.0000 -0.0000 -0.0002 |   +0.00   -0.00   -0.01
pix qbin 3 (low Q)            41714  +0.1052  +0.1186 0.0060  1.218  +0.063 0.012 |  +0.0021 +0.0025 +0.0010 |   +0.25   +0.30   +0.12
   BPix                       35096  +0.1214  +0.1341 0.0065  1.218  +0.057 0.013 |  +0.0021 +0.0025 +0.0010 |   +0.28   +0.34   +0.14
   FPix                        6618  +0.0139  +0.0360 0.0149  1.216  +0.093 0.030 |  +0.0000 -0.0000 +0.0000 |   +0.00   -0.00   +0.00
uProj > 0.5                   95401  +0.0077  +0.0021 0.0032  0.974  -0.051 0.008 |  +0.0049 -0.0122 +0.0012 |   +0.01   -0.03   +0.00
   TIB                        72986  +0.0054  -0.0003 0.0036  0.963  -0.047 0.009 |  -0.0048 +0.0000 +0.0012 |   +0.00   -0.00   -0.00
   TOB                        22415  +0.0153  +0.0097 0.0067  1.006  -0.064 0.016 |  +0.0097 -0.0123 +0.0000 |   +0.09   -0.12   +0.00

================================================================================================================================
T5. the ANGLE-ODD part: mean pull vs SIGNED local dx/dz (local x/phi)
det      [-1000000000.00,-0.20) [-0.20,-0.10) [-0.10,-0.05) [-0.05,-0.02)  [-0.02,0.00)   [0.00,0.02)   [0.02,0.05)   [0.05,0.10)   [0.10,0.20)[0.20,1000000000.00)
BPix     +0.3402+-0.0353+0.2283+-0.0094+0.1260+-0.0067+0.1084+-0.0075+0.0931+-0.0091+0.0854+-0.0089+0.0985+-0.0071+0.0937+-0.0061+0.1575+-0.0078+0.1688+-0.0278
FPix                 --            --            --            --            --            --            --            ---0.0004+-0.0316+0.0414+-0.0062
TIB      -0.0015+-0.0045+0.0042+-0.0038+0.0026+-0.0065-0.0045+-0.0115-0.0113+-0.0176+0.0017+-0.0177+0.0211+-0.0134-0.0067+-0.0065+0.0009+-0.0039+0.0085+-0.0047
TID                  ---0.1156+-0.0597+0.0074+-0.0073-0.0160+-0.0049+0.0022+-0.0054-0.0004+-0.0059+0.0053+-0.0066-0.0210+-0.0316            --            --
TOB      -0.0671+-0.0417+0.0162+-0.0081+0.0042+-0.0051-0.0042+-0.0042+0.0042+-0.0048-0.0023+-0.0048-0.0008+-0.0042+0.0036+-0.0052+0.0221+-0.0087-0.0273+-0.0209
TEC                  --            ---0.0372+-0.0184+0.0007+-0.0041-0.0020+-0.0024+0.0019+-0.0023+0.0017+-0.0035-0.0072+-0.0079-0.2218+-0.1623            --
